-26	3	-299	-35	-60	98	-317	-40	-255	-223	15
-15	18	-284	-22	-44	106	-276	-33	-248	-217	23
-10	26	-278	-17	-37	110	-261	-30	-246	-214	26
-8	29	-275	-14	-33	113	-254	-27	-242	-211	29
-6	31	-273	-13	-30	114	-249	-25	-241	-209	29
-6	34	-270	-9	-28	115	-246	-23	-240	-207	30
-5	36	-268	-8	-27	117	-244	-22	-236	-207	30
-5	38	-266	-6	-25	119	-242	-21	-238	-206	30
-5	40	-265	-5	-26	119	-239	-20	-237	-205	30
-5	42	-264	-4	-24	120	-238	-20	-236	-205	30
-4	43	-262	-2	-23	120	-236	-19	-236	-205	30
-5	44	-261	-1	-23	122	-235	-19	-234	-203	30
-5	45	-260	-1	-22	122	-234	-17	-234	-203	30
-4	46	-259	0	-22	123	-232	-18	-234	-202	30
-4	47	-259	0	-21	124	-231	-17	-233	-202	31
-5	48	-257	2	-21	125	-230	-17	-233	-200	31
-4	49	-256	2	-20	125	-229	-17	-232	-199	30
-4	49	-256	2	-19	125	-228	-16	-232	-200	30
-4	51	-255	3	-19	125	-227	-16	-231	-199	30
-4	51	-254	3	-18	126	-227	-15	-231	-198	30
-5	52	-253	5	-18	126	-225	-15	-231	-198	30
-4	52	-253	5	-18	127	-224	-15	-231	-198	30
-4	53	-252	6	-18	128	-224	-15	-230	-198	30
-3	54	-252	6	-18	127	-223	-15	-230	-198	30
-4	54	-252	6	-18	128	-222	-14	-230	-197	29
-4	56	-250	6	-18	128	-221	-14	-230	-197	30
-4	56	-250	8	-17	128	-221	-14	-230	-196	30
-3	57	-250	8	-17	129	-220	-14	-229	-196	29
-4	57	-249	9	-17	129	-220	-14	-229	-196	30
-4	58	-249	10	-16	130	-220	-14	-229	-195	29
-5	58	-248	10	-16	130	-218	-14	-229	-195	29
-4	58	-248	10	-15	130	-218	-14	-228	-195	30
-5	58	-244	10	-15	130	-217	-13	-229	-195	29
-4	59	-248	11	-15	130	-216	-14	-229	-195	30
-4	59	-246	10	-15	130	-216	-13	-229	-195	29
-4	59	-246	10	-14	131	-213	-13	-229	-195	30
-5	61	-246	12	-14	131	-216	-13	-229	-195	29
-4	61	-245	10	-15	132	-215	-13	-228	-195	29
-4	62	-245	13	-14	132	-215	-13	-227	-194	29
-4	62	-246	13	-14	133	-215	-13	-228	-194	29
-4	61	-243	13	-14	132	-214	-13	-228	-194	29
-4	62	-244	14	-14	131	-213	-13	-228	-194	29
-4	62	-244	13	-14	133	-213	-13	-228	-194	28
-4	62	-244	14	-15	133	-213	-12	-228	-194	27
-3	63	-243	14	-14	133	-212	-13	-228	-194	30
-4	64	-243	14	-14	133	-212	-13	-228	-194	29
-4	64	-243	15	-14	133	-216	-13	-227	-193	29
-4	63	-243	15	-14	133	-212	-13	-227	-194	29
-4	64	-243	14	-14	133	-210	-13	-228	-193	29
-4	64	-242	15	-14	133	-210	-13	-228	-193	29
-4	65	-242	15	-13	131	-210	-13	-228	-193	29
-4	65	-241	16	-14	134	-210	-13	-228	-193	29
-4	65	-242	15	-13	133	-209	-13	-228	-193	29
-5	65	-241	16	-13	134	-209	-13	-228	-193	29
-4	65	-242	16	-13	134	-210	-13	-228	-192	29
-4	65	-241	16	-13	134	-209	-13	-228	-192	30
-4	66	-241	16	-13	134	-209	-13	-228	-192	29
-4	66	-241	17	-13	134	-209	-13	-228	-192	29
-3	66	-241	17	-12	134	-208	-13	-228	-192	29
-4	66	-241	17	-13	134	-208	-13	-228	-193	29
-4	67	-241	17	-12	135	-208	-13	-228	-192	27
-4	66	-240	18	-13	134	-209	-13	-228	-192	29
-4	66	-239	15	-12	135	-206	-13	-229	-192	29
-4	67	-240	17	-12	135	-206	-13	-228	-192	29
-4	67	-240	17	-13	135	-207	-13	-228	-192	29
-4	68	-240	18	-12	134	-206	-13	-228	-192	28
-4	67	-239	18	-13	136	-205	-12	-228	-192	28
-4	68	-239	18	-12	132	-206	-13	-228	-192	29
-5	68	-239	18	-13	136	-206	-13	-227	-191	29
-4	68	-239	19	-13	136	-206	-14	-228	-192	29
-3	68	-240	18	-12	137	-205	-13	-229	-193	28
-4	68	-239	18	-12	136	-205	-13	-228	-191	29
-3	68	-239	19	-10	135	-205	-13	-228	-192	29
-4	69	-238	19	-12	136	-203	-13	-229	-192	29
-4	69	-238	19	-12	137	-204	-13	-229	-192	29
-3	69	-238	19	-12	136	-204	-13	-229	-191	29
-4	69	-238	19	-12	137	-204	-13	-228	-191	29
-4	70	-238	19	-12	136	-204	-14	-229	-191	29
-3	70	-238	19	-12	137	-204	-13	-229	-191	29
-4	69	-238	19	-12	136	-203	-13	-229	-191	29
-4	70	-237	19	-11	137	-203	-13	-228	-191	28
-4	69	-237	19	-12	136	-203	-13	-229	-191	29
-4	70	-238	20	-11	137	-203	-13	-228	-191	29
-4	70	-238	20	-12	137	-202	-13	-229	-191	31
-4	70	-237	20	-11	137	-202	-14	-228	-191	28
-4	70	-237	20	-12	137	-202	-13	-229	-190	29
-4	70	-238	20	-11	137	-201	-13	-228	-191	29
-4	70	-237	21	-12	137	-201	-13	-229	-191	29
-3	70	-237	20	-11	136	-202	-13	-229	-190	29
-4	70	-237	19	-12	137	-201	-13	-229	-191	29
-2	70	-237	19	-11	137	-201	-13	-228	-191	29
-4	71	-237	21	-11	137	-201	-13	-229	-191	29
-4	70	-237	21	-11	138	-200	-13	-229	-190	29
-4	70	-237	20	-11	137	-201	-14	-230	-190	27
-4	71	-237	20	-10	137	-201	-13	-229	-190	29
-4	71	-236	20	-12	137	-201	-14	-229	-191	28
-4	71	-237	21	-11	137	-200	-13	-229	-191	29
-3	71	-237	21	-11	137	-200	-14	-229	-190	28
-4	71	-236	21	-11	137	-200	-14	-229	-190	28
-4	71	-236	21	-11	136	-200	-13	-229	-190	28
-4	71	-236	21	-11	137	-199	-14	-230	-190	28
-4	71	-236	21	-12	137	-199	-14	-229	-190	27
-4	71	-237	20	-13	137	-199	-15	-230	-191	29
-4	71	-235	21	-12	138	-199	-14	-229	-190	28
-3	71	-236	22	-11	138	-199	-14	-229	-190	29
-4	71	-236	20	-10	138	-199	-13	-229	-191	29
-4	72	-235	21	-11	137	-199	-14	-229	-190	29
-4	72	-236	21	-11	137	-198	-14	-230	-190	29
-4	72	-235	20	-11	138	-198	-14	-230	-190	29
-4	72	-235	22	-10	138	-198	-14	-229	-190	28
-4	72	-235	21	-11	137	-197	-14	-229	-189	29
-4	72	-235	22	-11	138	-198	-14	-230	-190	29
-4	72	-235	21	-10	137	-198	-14	-230	-190	30
-4	71	-235	22	-11	137	-198	-15	-229	-190	29
-3	72	-235	22	-11	138	-198	-14	-230	-191	29
-5	73	-235	22	-13	137	-198	-14	-229	-190	29
-4	72	-235	22	-11	138	-197	-14	-229	-190	29
-4	73	-235	22	-11	138	-198	-15	-230	-190	29
-4	72	-235	22	-11	137	-197	-14	-230	-190	29
-3	72	-235	22	-11	138	-197	-14	-230	-190	29
-4	72	-235	23	-11	138	-196	-15	-230	-190	28
-4	73	-235	23	-10	138	-197	-15	-230	-190	30
-4	72	-235	22	-11	138	-197	-15	-229	-190	28
-4	73	-235	22	-12	138	-197	-15	-229	-190	29
-4	73	-235	23	-11	138	-197	-15	-229	-190	29
-4	73	-234	22	-10	138	-196	-14	-230	-189	29
-4	73	-235	22	-11	138	-197	-15	-229	-190	28
-4	73	-234	23	-11	138	-197	-15	-230	-190	29
-4	73	-234	23	-10	139	-196	-15	-230	-190	29
-4	72	-234	23	-11	138	-196	-15	-230	-189	28
-4	73	-234	23	-11	138	-196	-15	-230	-190	28
-4	74	-234	23	-11	137	-195	-15	-230	-190	28
-4	73	-234	23	-11	138	-195	-15	-230	-190	28
-3	73	-234	23	-11	138	-195	-16	-230	-190	28
-5	73	-234	23	-11	139	-195	-15	-230	-190	28
-4	73	-234	23	-11	136	-195	-17	-229	-190	28
-4	72	-236	23	-10	138	-195	-16	-230	-189	29
-4	73	-234	23	-11	138	-194	-15	-230	-190	28
-4	73	-234	23	-10	138	-195	-16	-230	-190	29
-4	73	-233	23	-11	138	-194	-15	-230	-189	29
-3	73	-234	23	-11	138	-195	-16	-230	-189	29
-4	73	-234	23	-11	139	-194	-17	-230	-190	28
-3	73	-234	23	-10	137	-194	-16	-230	-189	28
-4	74	-234	24	-11	139	-194	-16	-230	-190	28
-5	74	-234	23	-10	138	-194	-15	-230	-190	28
-1	74	-234	23	-11	139	-194	-16	-230	-190	28
-4	75	-234	23	-11	140	-194	-17	-230	-190	28
-3	74	-234	23	-10	138	-193	-16	-230	-190	29
-4	74	-233	24	-11	138	-194	-16	-230	-190	29
-3	76	-233	23	-10	138	-193	-17	-230	-189	29
-4	74	-234	24	-11	139	-193	-16	-230	-190	28
-4	74	-234	23	-10	140	-193	-16	-230	-189	28
-4	75	-233	22	-11	139	-193	-16	-230	-189	28
-3	74	-234	24	-11	139	-193	-17	-230	-190	29
-4	74	-233	23	-11	139	-193	-16	-230	-189	28
-4	74	-233	24	-10	138	-193	-17	-230	-188	29
-4	74	-233	24	-11	139	-193	-15	-230	-190	28
-4	74	-233	24	-11	138	-193	-16	-230	-189	28
-4	75	-234	24	-10	138	-192	-17	-230	-189	28
-4	74	-234	23	-10	139	-192	-17	-230	-189	29
-4	75	-233	25	-11	140	-192	-17	-230	-189	29
-4	74	-234	24	-11	139	-193	-16	-230	-189	28
-4	74	-233	23	-10	139	-192	-17	-230	-189	28
-4	74	-233	25	-10	139	-193	-17	-230	-189	29
-4	74	-233	24	-11	138	-192	-17	-230	-189	28
-4	75	-232	25	-10	139	-192	-17	-230	-189	28
-4	75	-233	24	-11	139	-192	-17	-230	-189	29
-3	75	-231	24	-10	139	-192	-17	-230	-189	30
-4	75	-233	24	-11	139	-192	-17	-230	-189	28
-6	74	-234	25	-10	139	-192	-17	-230	-188	28
-4	75	-233	24	-10	139	-192	-17	-230	-188	28
-4	75	-233	24	-12	139	-191	-17	-230	-188	28
-3	74	-232	24	-10	139	-192	-17	-230	-189	28
-4	75	-232	25	-10	139	-192	-17	-230	-188	28
-4	75	-232	25	-11	139	-191	-17	-230	-188	28
-3	75	-233	23	-10	138	-191	-17	-230	-188	28
-4	75	-232	24	-11	139	-191	-17	-230	-188	28
-4	75	-232	24	-11	139	-191	-17	-230	-189	28
-4	75	-232	24	-11	139	-191	-17	-230	-188	28
-4	75	-233	24	-10	139	-191	-17	-230	-189	30
-4	75	-233	24	-12	139	-191	-18	-230	-189	28
-4	75	-232	25	-10	138	-191	-18	-230	-189	28
-3	75	-232	24	-11	139	-190	-17	-230	-188	28
-4	76	-232	25	-10	139	-190	-18	-230	-189	28
-4	75	-232	23	-11	139	-191	-18	-231	-188	28
-3	75	-232	25	-11	139	-190	-17	-230	-188	28
-4	75	-232	25	-10	139	-190	-18	-230	-188	29
-4	74	-232	25	-10	139	-189	-17	-230	-188	28
-3	75	-232	24	-11	138	-190	-17	-230	-188	28
-4	75	-232	24	-10	139	-190	-17	-230	-188	28
-4	75	-232	25	-11	139	-190	-17	-230	-188	28
-5	75	-232	24	-12	140	-190	-18	-230	-186	28
-2	75	-232	25	-10	138	-190	-18	-230	-188	28
-4	75	-232	24	-11	139	-190	-18	-230	-188	28
-4	75	-234	25	-10	139	-190	-17	-230	-188	28
-4	75	-232	25	-10	138	-190	-18	-230	-188	28
-4	75	-231	24	-10	139	-190	-17	-230	-188	29
-4	76	-232	25	-10	139	-189	-18	-230	-188	28
-4	75	-232	24	-10	139	-189	-17	-230	-187	28
-5	76	-232	25	-10	139	-189	-18	-230	-188	28
-4	75	-232	25	-10	139	-189	-17	-230	-186	28
-4	75	-232	25	-10	138	-189	-17	-230	-187	29
-4	75	-232	25	-11	139	-189	-19	-229	-187	28
-4	76	-232	25	-10	139	-188	-18	-230	-188	28
-3	75	-232	25	-10	139	-188	-18	-231	-187	29
-4	76	-232	25	-11	139	-188	-18	-231	-188	29
-4	75	-232	25	-10	139	-188	-18	-230	-187	29
-3	75	-231	25	-11	139	-188	-19	-230	-187	28
-4	75	-232	25	-11	139	-188	-18	-231	-186	28
-4	76	-232	25	-10	139	-188	-18	-230	-187	28
-4	76	-232	25	-10	138	-188	-19	-231	-187	28
-4	76	-232	25	-11	139	-189	-18	-230	-187	28
-4	75	-232	25	-11	139	-188	-18	-231	-187	28
-4	75	-230	25	-11	139	-188	-18	-231	-187	28
-4	75	-232	25	-10	140	-188	-18	-230	-187	28
-4	75	-232	25	-10	139	-188	-19	-231	-188	28
-4	76	-231	25	-10	138	-191	-18	-231	-186	28
-4	75	-231	28	-10	140	-188	-18	-230	-187	28
-3	76	-231	24	-11	139	-187	-18	-231	-187	28
-4	76	-231	25	-10	139	-188	-19	-230	-187	28
-3	75	-231	27	-10	138	-188	-19	-230	-187	28
-4	76	-230	25	-10	139	-188	-18	-231	-187	29
-4	76	-232	25	-10	139	-188	-19	-231	-187	28
-4	76	-231	26	-10	137	-188	-19	-231	-187	28
-4	76	-231	25	-10	138	-187	-19	-232	-187	28
-4	76	-231	25	-11	139	-187	-20	-230	-187	28
-3	76	-231	25	-10	139	-187	-17	-230	-186	28
-5	76	-231	25	-11	139	-187	-19	-231	-187	28
-4	76	-231	25	-10	139	-187	-18	-231	-187	29
-3	75	-230	24	-11	138	-187	-19	-231	-187	28
-4	76	-231	25	-10	139	-186	-19	-231	-187	29
-4	76	-231	25	-11	139	-187	-19	-231	-186	28
-4	76	-231	25	-11	139	-187	-18	-230	-187	30
-4	74	-231	26	-11	138	-187	-19	-230	-187	29
-3	75	-232	28	-10	139	-187	-19	-231	-187	28
-4	76	-231	25	-10	139	-187	-19	-231	-187	26
-4	76	-231	25	-11	139	-187	-18	-231	-186	28
-4	76	-232	25	-12	139	-186	-19	-231	-186	28
-4	76	-231	25	-11	138	-186	-19	-231	-187	26
-4	76	-231	25	-11	138	-186	-17	-231	-187	28
-4	75	-231	25	-11	138	-186	-20	-231	-186	28
-3	76	-231	26	-11	139	-186	-19	-231	-187	28
-2	75	-231	26	-10	138	-186	-20	-231	-186	28
-3	76	-231	25	-10	138	-186	-20	-231	-186	28
-4	76	-231	25	-11	139	-186	-20	-231	-186	28
-4	76	-231	27	-11	138	-186	-20	-229	-187	29
-5	76	-231	26	-10	139	-186	-20	-231	-187	28
-4	76	-230	24	-10	138	-186	-19	-231	-186	28
-3	76	-231	26	-10	138	-184	-20	-231	-186	28
-4	76	-231	26	-11	139	-187	-19	-230	-186	28
-4	76	-231	26	-11	139	-186	-20	-231	-187	28
-4	76	-230	26	-11	139	-186	-20	-231	-186	29
-4	76	-230	26	-11	139	-185	-19	-230	-186	28
-3	76	-230	26	-10	139	-186	-20	-230	-186	29
-4	75	-230	26	-11	139	-186	-20	-231	-186	28
-3	76	-231	26	-11	138	-185	-20	-232	-186	28
-4	76	-230	26	-12	138	-185	-20	-231	-186	28
-4	76	-230	25	-10	139	-185	-20	-231	-186	28
-4	76	-231	26	-11	139	-185	-20	-232	-186	29
-4	77	-230	25	-10	138	-184	-20	-231	-186	29
-4	76	-231	25	-11	138	-185	-20	-231	-187	28
-4	76	-230	26	-10	138	-185	-20	-231	-186	28
-4	76	-230	26	-11	139	-185	-19	-231	-186	28
-4	76	-230	26	-11	138	-184	-20	-231	-186	28
-4	76	-230	26	-10	138	-186	-20	-231	-187	28
-4	76	-230	26	-10	138	-184	-20	-231	-186	28
-4	76	-230	26	-11	138	-185	-20	-232	-186	28
-3	76	-230	27	-11	139	-185	-20	-231	-187	28
-4	76	-230	25	-11	138	-181	-20	-231	-186	28
-4	76	-230	26	-10	139	-184	-20	-231	-186	28
-4	77	-230	26	-11	138	-184	-20	-231	-186	28
-4	76	-230	26	-11	138	-185	-20	-231	-186	28
-3	76	-230	24	-10	139	-184	-20	-232	-186	28
-4	76	-230	27	-8	138	-184	-21	-231	-186	28
-4	76	-230	26	-11	138	-184	-20	-231	-186	29
-4	76	-230	26	-11	138	-184	-20	-231	-186	28
-4	76	-231	24	-10	138	-184	-20	-232	-186	29
-4	76	-230	26	-11	137	-184	-20	-231	-186	28
-4	76	-230	25	-10	139	-184	-20	-232	-186	28
-4	76	-230	26	-11	139	-183	-20	-231	-186	28
-4	76	-230	26	-10	138	-185	-20	-231	-186	28
-4	76	-230	26	-10	138	-185	-20	-231	-186	28
-4	76	-230	26	-11	138	-184	-20	-231	-186	28
-4	77	-229	26	-11	138	-184	-20	-231	-186	28
-4	76	-230	25	-11	138	-184	-20	-231	-186	28
-3	77	-230	26	-10	138	-184	-20	-232	-186	28
-3	75	-230	27	-11	138	-184	-20	-232	-186	28
-4	76	-230	27	-10	138	-183	-20	-232	-186	28
-4	76	-230	24	-11	139	-183	-20	-231	-187	28
-4	75	-230	26	-10	138	-183	-20	-229	-186	29
-4	77	-230	26	-10	139	-183	-20	-231	-186	28
-4	76	-231	26	-11	138	-183	-20	-232	-186	28
-4	76	-230	26	-10	138	-183	-20	-232	-186	28
-4	77	-230	26	-10	138	-184	-20	-233	-186	28
-4	77	-230	26	-11	139	-183	-20	-231	-186	28
-4	76	-230	27	-11	138	-183	-20	-232	-187	28
-4	76	-230	27	-10	137	-183	-20	-231	-186	28
-5	76	-230	27	-10	138	-183	-20	-232	-186	28
-3	76	-229	27	-11	140	-183	-20	-231	-186	28
-4	76	-230	26	-10	140	-183	-20	-231	-186	28
-3	77	-229	25	-10	138	-183	-20	-232	-186	28
-3	77	-230	26	-10	139	-183	-20	-232	-186	28
-4	76	-230	27	-10	138	-183	-20	-232	-186	28
-6	76	-229	27	-11	138	-183	-20	-232	-185	28
-4	77	-230	26	-10	138	-183	-21	-231	-186	28
-4	76	-230	27	-11	137	-183	-20	-232	-185	27
-4	76	-230	26	-11	138	-183	-20	-231	-186	28
-4	77	-230	26	-10	138	-182	-20	-232	-186	28
-4	76	-230	26	-11	138	-183	-20	-232	-185	28
-6	76	-230	27	-11	138	-183	-20	-231	-185	28
-4	76	-230	26	-11	138	-181	-20	-231	-188	27
-4	76	-230	25	-12	138	-182	-20	-231	-186	28
-3	77	-230	27	-11	138	-182	-20	-232	-186	28
-3	76	-229	26	-10	138	-182	-20	-232	-186	28
-4	77	-230	26	-11	138	-182	-20	-232	-186	28
-4	77	-229	26	-11	138	-182	-20	-234	-186	28
-4	76	-230	27	-11	137	-182	-20	-232	-186	28
-4	77	-230	27	-11	138	-182	-19	-231	-186	28
-4	76	-230	27	-10	138	-182	-20	-232	-186	28
-4	76	-230	26	-11	138	-181	-20	-232	-186	28
-4	78	-228	27	-10	138	-182	-19	-231	-186	28
-4	77	-229	27	-10	138	-181	-20	-232	-185	29
-3	76	-230	27	-10	138	-182	-20	-233	-186	28
-4	77	-229	26	-11	138	-181	-20	-233	-185	28
-3	76	-229	27	-13	137	-182	-20	-232	-186	28
-3	76	-230	26	-11	138	-181	-20	-232	-186	28
-4	76	-230	26	-10	137	-181	-20	-232	-185	28
-4	76	-229	27	-11	137	-182	-20	-231	-186	28
-4	76	-229	27	-11	138	-181	-20	-232	-185	28
-4	76	-229	27	-10	138	-181	-20	-231	-186	28
-4	76	-230	27	-10	137	-181	-20	-232	-185	28
-4	76	-230	27	-11	138	-180	-20	-232	-186	28
-4	76	-231	26	-11	138	-181	-20	-232	-186	28
-4	76	-230	27	-11	137	-181	-21	-232	-185	28
-4	77	-229	27	-11	137	-181	-21	-232	-186	28
-4	76	-230	29	-11	138	-181	-20	-231	-186	28
-4	76	-229	26	-11	138	-181	-20	-232	-185	28
-4	77	-230	27	-11	137	-181	-20	-232	-186	28
-4	77	-230	27	-9	137	-181	-21	-232	-185	28
-4	77	-229	27	-11	137	-181	-21	-232	-186	28
-4	77	-230	27	-11	137	-180	-20	-231	-186	28
-4	76	-229	27	-10	138	-180	-21	-231	-186	28
-4	77	-229	27	-11	137	-181	-21	-232	-186	28
-4	77	-229	27	-11	137	-181	-20	-232	-186	28
-4	77	-229	27	-11	137	-180	-21	-231	-186	28
-5	77	-230	26	-11	137	-181	-20	-230	-185	28
-3	76	-230	27	-11	138	-180	-20	-232	-185	28
-3	76	-229	27	-12	137	-181	-20	-232	-186	28
-4	77	-229	27	-11	137	-179	-20	-231	-185	28
-4	77	-230	27	-10	138	-180	-21	-231	-186	27
-3	76	-228	27	-11	137	-180	-21	-232	-185	28
-4	77	-229	27	-10	137	-180	-19	-232	-185	28
-3	77	-230	26	-10	138	-180	-20	-231	-185	28
-4	77	-230	27	-10	137	-181	-20	-231	-185	28
-4	77	-229	27	-11	137	-180	-20	-231	-186	28
-5	77	-229	27	-11	137	-180	-21	-232	-186	28
-4	77	-229	26	-11	138	-180	-20	-232	-185	28
-4	77	-230	27	-11	137	-180	-20	-231	-185	28
-4	77	-229	27	-11	137	-180	-20	-232	-186	27
-4	77	-230	27	-11	138	-180	-21	-232	-184	28
-3	76	-230	27	-11	137	-180	-20	-232	-186	28
-3	77	-229	27	-10	137	-180	-20	-231	-186	28
-3	76	-230	27	-11	137	-180	-20	-232	-185	28
-4	77	-229	27	-11	138	-180	-21	-231	-185	28
-4	77	-229	27	-10	137	-181	-20	-232	-185	27
-4	77	-229	26	-11	137	-180	-21	-232	-186	28
-4	77	-229	27	-11	137	-180	-20	-232	-186	28
-3	77	-230	27	-11	137	-179	-20	-231	-186	28
-4	76	-228	26	-11	138	-180	-20	-231	-186	28
-4	77	-229	28	-11	137	-180	-21	-232	-185	28
-5	77	-230	27	-11	137	-180	-21	-233	-185	28
-4	76	-229	27	-11	138	-180	-20	-232	-185	28
-3	76	-229	28	-10	137	-180	-20	-231	-185	28
-3	77	-229	27	-11	138	-180	-20	-232	-185	28
-4	77	-229	27	-10	137	-180	-20	-231	-186	28
-4	77	-229	27	-11	137	-179	-21	-232	-185	28
-4	76	-230	28	-11	137	-180	-21	-231	-185	28
-4	77	-229	27	-11	137	-180	-21	-231	-186	28
-4	76	-229	27	-11	137	-179	-20	-231	-186	28
-4	77	-230	27	-11	135	-180	-21	-231	-185	28
-4	77	-229	27	-10	138	-179	-21	-232	-185	28
-3	77	-229	27	-11	137	-179	-20	-232	-185	28
-4	77	-229	27	-11	138	-179	-21	-231	-185	28
-4	79	-229	27	-10	137	-180	-20	-233	-185	28
-4	77	-229	28	-11	137	-179	-22	-230	-185	28
-4	77	-229	27	-10	137	-179	-20	-231	-185	28
-4	76	-230	28	-11	137	-179	-20	-231	-185	28
-4	77	-229	27	-10	137	-179	-20	-232	-185	28
-4	76	-229	27	-10	138	-179	-20	-231	-185	28
-3	77	-229	26	-11	137	-179	-20	-231	-185	28
-4	77	-229	28	-11	137	-179	-20	-231	-183	28
-4	77	-229	28	-11	137	-180	-21	-230	-186	28
-4	76	-230	27	-12	137	-179	-20	-231	-185	28
-4	77	-229	28	-11	137	-179	-20	-231	-185	28
-4	76	-229	27	-11	137	-178	-19	-231	-185	28
-3	77	-229	27	-11	137	-179	-20	-231	-185	28
-4	76	-229	28	-11	137	-177	-20	-231	-185	28
-4	76	-229	26	-11	137	-179	-21	-231	-185	28
-4	77	-229	27	-10	137	-178	-20	-232	-185	28
-3	77	-229	27	-8	137	-179	-20	-231	-185	28
-4	76	-229	27	-11	137	-178	-20	-231	-185	28
-4	77	-229	27	-10	137	-179	-20	-231	-185	28
-3	77	-229	27	-11	137	-179	-20	-231	-185	28
-3	77	-229	27	-11	137	-179	-20	-231	-185	28
-4	77	-229	27	-11	137	-180	-20	-232	-185	28
-3	78	-229	27	-10	137	-180	-21	-232	-185	28
-4	77	-229	28	-10	137	-178	-20	-231	-186	28
-6	77	-229	27	-10	137	-178	-21	-232	-186	28
-4	77	-229	26	-10	137	-178	-20	-232	-185	28
-5	77	-229	27	-11	137	-179	-21	-231	-185	27
-4	77	-229	27	-11	137	-178	-21	-231	-185	28
-4	78	-229	27	-11	137	-178	-20	-231	-185	28
-4	76	-229	28	-11	137	-179	-20	-231	-185	28
-4	76	-229	27	-11	137	-179	-21	-231	-185	29
-3	77	-229	27	-11	137	-179	-20	-231	-185	28
-4	77	-229	28	-11	137	-177	-21	-230	-185	27
-4	77	-229	27	-11	137	-179	-21	-232	-185	28
-4	78	-229	28	-11	137	-179	-21	-232	-185	28
-4	77	-229	27	-11	137	-178	-20	-231	-185	28
-5	77	-228	26	-11	137	-179	-20	-231	-184	28
-4	76	-230	27	-11	137	-178	-20	-231	-185	28
-5	77	-229	27	-11	137	-179	-20	-231	-185	28
-4	77	-229	27	-11	137	-176	-20	-232	-185	28
-4	78	-229	27	-10	136	-178	-21	-231	-185	28
-4	77	-229	27	-11	137	-178	-21	-231	-185	28
-4	77	-229	27	-11	137	-178	-20	-232	-185	28
-4	77	-229	26	-11	137	-178	-20	-231	-186	28
-3	77	-229	27	-10	137	-178	-20	-231	-184	28
-4	76	-229	27	-10	137	-178	-21	-231	-185	28
-4	77	-229	27	-11	137	-178	-21	-231	-185	28
-4	76	-229	27	-11	137	-178	-21	-232	-185	28
-3	76	-229	27	-11	137	-179	-21	-230	-185	28
-4	77	-229	27	-11	137	-178	-20	-231	-185	28
-4	77	-229	28	-11	136	-178	-20	-231	-185	28
-2	76	-229	27	-11	137	-178	-22	-230	-186	28
-4	77	-229	28	-11	137	-177	-20	-231	-185	28
-4	77	-229	26	-11	137	-178	-20	-231	-185	27
-3	78	-229	27	-11	137	-178	-20	-231	-183	28
-4	77	-228	30	-11	137	-177	-21	-231	-185	27
-4	77	-230	27	-11	137	-178	-21	-232	-185	28
-3	77	-229	28	-11	137	-177	-20	-231	-185	28
-4	77	-227	27	-12	137	-177	-20	-231	-184	28
-3	77	-229	27	-11	137	-178	-21	-231	-185	28
-4	77	-228	28	-11	137	-178	-20	-231	-185	29
-5	77	-229	28	-10	136	-178	-21	-231	-185	28
-4	77	-228	27	-12	137	-177	-20	-231	-184	28
-4	76	-229	28	-11	137	-177	-19	-231	-185	28
-4	77	-229	27	-11	137	-177	-20	-231	-185	28
-4	77	-229	27	-12	137	-177	-21	-231	-185	28
-4	77	-229	27	-11	137	-178	-21	-231	-185	28
-3	76	-228	27	-11	137	-177	-21	-231	-185	28
-4	77	-229	27	-10	137	-177	-21	-231	-185	28
-4	77	-229	27	-11	137	-177	-20	-230	-185	28
-3	77	-229	28	-11	137	-178	-21	-231	-185	28
-4	77	-229	27	-11	137	-177	-20	-231	-184	28
-3	77	-229	28	-11	136	-177	-20	-231	-183	28
-4	77	-229	28	-11	138	-177	-21	-231	-185	28
-4	79	-228	28	-10	137	-176	-20	-232	-186	28
-3	78	-229	27	-11	137	-177	-21	-230	-185	28
-4	77	-229	27	-11	137	-177	-20	-232	-184	28
-5	77	-229	28	-10	137	-177	-20	-231	-184	28
-4	77	-229	27	-11	136	-177	-20	-231	-185	27
-4	77	-229	27	-11	137	-177	-20	-231	-185	28
-3	77	-229	27	-11	137	-176	-20	-232	-185	30
-4	77	-229	28	-11	137	-176	-21	-232	-184	28
-4	75	-229	27	-11	136	-177	-23	-232	-186	28
-4	77	-229	27	-11	136	-177	-20	-231	-185	28
-4	78	-228	27	-11	137	-176	-21	-231	-185	28
-3	77	-229	28	-11	136	-176	-20	-231	-184	28
-4	77	-229	28	-11	137	-176	-21	-231	-184	28
-4	77	-228	27	-11	137	-177	-20	-231	-185	28
-3	77	-229	27	-12	134	-176	-20	-231	-184	28
-4	77	-229	28	-12	137	-176	-20	-231	-185	28
-4	77	-229	27	-10	137	-176	-21	-231	-185	28
-4	78	-228	28	-11	136	-176	-21	-231	-184	29
-4	76	-229	27	-11	137	-176	-20	-231	-185	27
-4	77	-229	28	-11	136	-176	-21	-232	-185	28
-4	77	-226	27	-10	136	-176	-20	-231	-184	28
-4	77	-228	27	-11	137	-176	-20	-230	-185	28
-3	77	-229	27	-11	137	-176	-20	-230	-184	28
-4	77	-229	28	-11	138	-177	-21	-231	-185	28
-3	77	-228	27	-11	137	-176	-21	-231	-184	28
-4	78	-229	27	-10	137	-176	-19	-231	-184	28
-4	76	-229	27	-12	137	-176	-20	-231	-184	28
-3	77	-229	27	-11	137	-175	-20	-230	-184	27
-5	77	-228	28	-11	137	-178	-20	-231	-185	28
-4	77	-229	27	-11	137	-176	-20	-231	-184	28
-4	76	-229	26	-11	136	-176	-21	-230	-185	27
-3	77	-228	27	-10	137	-176	-20	-231	-185	28
-4	77	-229	27	-11	136	-176	-20	-231	-185	28
-3	78	-228	28	-11	136	-175	-22	-231	-185	28
-4	76	-229	27	-11	136	-176	-21	-230	-185	28
-4	77	-228	28	-11	136	-175	-20	-231	-185	28
-5	77	-228	28	-11	137	-176	-21	-231	-185	28
-4	77	-229	29	-11	136	-176	-20	-231	-185	28
-3	77	-228	28	-11	137	-176	-20	-232	-184	28
-5	77	-229	27	-11	137	-176	-20	-231	-184	28
-4	78	-229	28	-10	137	-175	-20	-231	-184	28
-5	77	-229	27	-11	136	-176	-20	-231	-184	28
-3	77	-228	27	-11	137	-175	-21	-231	-184	28
-4	77	-229	27	-12	136	-176	-21	-231	-185	28
-3	77	-229	28	-11	137	-175	-20	-230	-185	28
-4	77	-227	27	-11	137	-176	-21	-230	-185	28
-5	77	-229	28	-11	137	-175	-20	-231	-184	28
-3	76	-228	27	-11	137	-176	-21	-230	-185	28
-4	77	-228	27	-11	136	-175	-20	-231	-184	28
-4	78	-228	28	-11	137	-176	-20	-231	-184	28
-4	76	-229	27	-10	137	-175	-20	-232	-185	28
-4	77	-229	27	-12	136	-175	-20	-231	-185	28
-4	77	-228	28	-11	137	-175	-20	-231	-184	27
-3	77	-229	28	-11	137	-176	-20	-228	-184	27
-4	78	-229	28	-11	137	-175	-20	-231	-184	28
-4	76	-229	27	-11	137	-175	-22	-230	-184	28
-4	77	-228	27	-12	137	-176	-21	-230	-185	27
-3	77	-228	28	-12	136	-175	-20	-231	-184	29
-3	77	-229	28	-11	136	-175	-20	-230	-184	28
-4	77	-229	28	-11	136	-175	-20	-230	-185	28
-4	77	-228	28	-11	136	-175	-20	-231	-184	28
-4	77	-228	28	-11	137	-176	-20	-231	-184	27
-4	77	-229	28	-11	137	-176	-21	-230	-184	28
-4	77	-228	27	-11	137	-175	-20	-231	-184	28
-3	77	-228	28	-11	135	-175	-20	-230	-184	28
-4	77	-228	28	-12	136	-175	-20	-232	-185	28
-4	77	-228	27	-11	136	-175	-20	-230	-185	28
-4	78	-228	28	-11	135	-176	-20	-231	-184	28
-4	77	-228	28	-11	136	-176	-20	-231	-184	27
-4	77	-228	28	-11	137	-176	-21	-230	-184	27
-4	77	-229	27	-11	137	-176	-20	-230	-184	28
-4	78	-228	28	-11	137	-176	-21	-231	-184	29
-4	77	-229	27	-11	137	-176	-21	-230	-185	27
-3	77	-228	28	-11	136	-175	-20	-232	-184	28
-4	77	-228	28	-11	137	-175	-20	-230	-184	28
-3	78	-229	28	-11	138	-179	-20	-230	-184	29
-4	77	-228	28	-11	136	-176	-20	-231	-184	28
-4	76	-228	28	-11	136	-175	-20	-231	-184	28
-3	77	-228	28	-11	136	-175	-20	-231	-184	28
-4	76	-229	27	-11	136	-175	-20	-230	-184	28
-4	77	-228	28	-12	136	-175	-19	-231	-185	28
-4	77	-229	28	-11	136	-174	-21	-231	-184	28
-3	77	-228	28	-11	136	-175	-20	-230	-184	28
-5	77	-228	27	-11	136	-174	-20	-230	-185	28
-3	77	-228	28	-11	136	-174	-21	-231	-184	28
-5	76	-229	28	-11	137	-174	-20	-230	-184	28
-4	77	-228	28	-12	137	-175	-20	-230	-184	28
-4	77	-227	28	-12	136	-175	-21	-230	-184	28
-4	77	-228	28	-11	136	-175	-20	-230	-184	27
-3	77	-227	28	-11	137	-175	-20	-230	-184	28
-4	77	-231	27	-11	137	-174	-20	-231	-184	28
-4	76	-228	28	-11	136	-175	-21	-231	-184	28
-3	78	-228	26	-11	136	-175	-20	-230	-184	28
-4	77	-228	28	-11	136	-174	-20	-232	-184	27
-4	77	-228	27	-11	137	-174	-20	-230	-184	27
-4	77	-228	28	-11	136	-173	-21	-230	-183	28
-4	77	-228	29	-11	136	-174	-21	-230	-184	28
-4	77	-228	28	-12	137	-174	-21	-230	-185	28
-4	76	-228	27	-11	137	-174	-22	-230	-184	27
-4	77	-228	28	-11	136	-174	-21	-231	-184	28
-4	78	-228	28	-11	136	-174	-21	-231	-184	28
-4	77	-229	28	-11	137	-174	-21	-230	-184	28
-5	78	-228	27	-11	136	-174	-21	-231	-184	24
-5	77	-228	28	-11	135	-175	-21	-231	-184	28
-4	77	-227	28	-11	136	-174	-21	-230	-185	28
-5	78	-229	28	-11	136	-174	-20	-230	-184	28
-4	77	-228	28	-11	136	-175	-20	-231	-184	28
-4	76	-228	28	-11	136	-173	-20	-230	-184	28
-4	77	-228	28	-11	136	-174	-21	-231	-184	27
-4	78	-229	28	-11	136	-174	-20	-231	-184	28
-4	77	-228	28	-11	136	-174	-20	-230	-184	28
-3	76	-227	28	-11	136	-175	-21	-231	-183	28
-4	77	-228	28	-10	135	-174	-20	-231	-184	28
-4	78	-228	27	-11	136	-174	-21	-231	-185	28
-4	77	-228	28	-11	136	-174	-20	-231	-184	28
-4	78	-228	28	-11	136	-174	-21	-230	-184	28
-4	77	-228	28	-11	136	-173	-20	-230	-184	28
-4	77	-228	28	-11	137	-174	-20	-230	-184	28
-4	77	-228	28	-11	137	-174	-21	-231	-184	28
-4	77	-228	28	-10	137	-173	-21	-230	-184	28
-3	77	-228	29	-11	136	-173	-20	-230	-184	28
-4	77	-228	27	-11	136	-174	-20	-230	-184	28
-4	77	-228	28	-11	136	-174	-21	-230	-184	28
-4	78	-227	27	-11	137	-174	-20	-232	-184	29
-3	77	-228	28	-11	136	-174	-21	-230	-182	28
-3	77	-228	27	-11	136	-174	-21	-230	-184	27
-4	77	-228	28	-11	137	-173	-21	-231	-184	28
-4	77	-227	28	-11	136	-174	-20	-231	-184	28
-4	77	-229	28	-11	136	-174	-20	-231	-185	28
-4	77	-228	28	-11	135	-173	-20	-230	-184	27
-4	77	-228	28	-12	136	-173	-20	-230	-184	28
-4	76	-228	27	-11	135	-173	-20	-230	-183	26
-4	78	-228	28	-11	136	-173	-20	-231	-184	28
-4	77	-229	28	-11	136	-174	-23	-230	-183	28
-2	77	-228	28	-11	136	-173	-21	-230	-184	27
-3	77	-228	28	-11	136	-173	-20	-231	-183	28
-4	77	-228	28	-10	136	-174	-20	-231	-183	27
-4	77	-229	28	-14	136	-173	-21	-231	-184	28
-5	77	-227	28	-11	136	-173	-21	-229	-184	28
-5	77	-228	28	-11	136	-173	-20	-230	-184	28
-4	77	-228	27	-11	136	-173	-20	-230	-184	28
-3	77	-228	28	-11	136	-173	-20	-231	-184	28
-3	77	-228	28	-11	136	-173	-21	-230	-184	28
